================================================================================
EVOLUÇÃO DO ALGORITMO FUZZY
================================================================================

Iteração | Melhor Fitness | Média Pop | Pior | Sem Melhoria
--------------------------------------------------------------------------------
       0 |        172.33 |    172.33 |   172.3 |           0
       1 |        172.33 |    283.33 |   283.3 |           1
       2 |        172.33 |    281.83 |   281.8 |           2
       5 |        158.17 |    205.00 |   205.0 |           2
      10 |        130.50 |    464.50 |   464.5 |           4
      15 |        130.50 |    452.00 |   452.0 |           9
      20 |        130.50 |    528.17 |   528.2 |          14
      25 |        130.50 |    632.17 |   632.2 |          19
      30 |        130.50 |    821.67 |   821.7 |          24
      35 |        130.50 |    707.67 |   707.7 |          29
      37 |        130.50 |   1076.17 |  1076.2 |          31
      38 |        130.50 |   1400.17 |  1400.2 |          32
      39 |        130.50 |   1218.17 |  1218.2 |          33

